%YAML:1.0
---
size: !!opencv-matrix
   rows: 2
   cols: 1
   dt: d
   data: [ 1280., 720. ]
K: !!opencv-matrix
   rows: 3
   cols: 3
   dt: d
   data: [ 1.2447645591268104e+03, 0., 6.3620463780620912e+02, 0.,
       1.2439736813611742e+03, 3.6363694183732201e+02, 0., 0., 1. ]
D: !!opencv-matrix
   rows: 1
   cols: 5
   dt: d
   data: [ -2.3648235865136025e-01, 9.6661178256018068e-02,
       -6.0243874190926908e-05, -3.0592225827356912e-04,
       6.4354104341287766e-01 ]
