%YAML:1.0
---
size: !!opencv-matrix
   rows: 2
   cols: 1
   dt: d
   data: [ 1280., 720. ]
K: !!opencv-matrix
   rows: 3
   cols: 3
   dt: d
   data: [ 1.2344204236810162e+03, 0., 6.3859478033821654e+02, 0.,
       1.2336135974541874e+03, 3.4867673280678616e+02, 0., 0., 1. ]
D: !!opencv-matrix
   rows: 1
   cols: 5
   dt: d
   data: [ -2.5295916418655140e-01, 3.6449755369360237e-01,
       -2.6220389325441821e-04, 6.5653782305501434e-04,
       -7.4669677250567479e-01 ]
