%YAML:1.0
---
size: !!opencv-matrix
   rows: 2
   cols: 1
   dt: d
   data: [ 1280., 720. ]
K1: !!opencv-matrix
   rows: 3
   cols: 3
   dt: d
   data: [ 1.2447645591268104e+03, 0., 6.3620463780620912e+02, 0.,
       1.2439736813611742e+03, 3.6363694183732201e+02, 0., 0., 1. ]
D1: !!opencv-matrix
   rows: 1
   cols: 5
   dt: d
   data: [ -2.3648235865136025e-01, 9.6661178256018068e-02,
       -6.0243874190926908e-05, -3.0592225827356912e-04,
       6.4354104341287766e-01 ]
K2: !!opencv-matrix
   rows: 3
   cols: 3
   dt: d
   data: [ 1.2344204236810162e+03, 0., 6.3859478033821654e+02, 0.,
       1.2336135974541874e+03, 3.4867673280678616e+02, 0., 0., 1. ]
D2: !!opencv-matrix
   rows: 1
   cols: 5
   dt: d
   data: [ -2.5295916418655140e-01, 3.6449755369360237e-01,
       -2.6220389325441821e-04, 6.5653782305501434e-04,
       -7.4669677250567479e-01 ]
R: !!opencv-matrix
   rows: 3
   cols: 3
   dt: d
   data: [ 9.9996123047356444e-01, 5.9241271226103927e-03,
       -6.5147730298168666e-03, -5.9912077336882847e-03,
       9.9992873870295351e-01, -1.0325838746186323e-02,
       6.4531371972608035e-03, 1.0364469776867552e-02,
       9.9992546461551712e-01 ]
T: !!opencv-matrix
   rows: 3
   cols: 1
   dt: d
   data: [ -7.0520318798212060e+01, 2.8287918062470718e-02,
       -6.3923036301465475e+00 ]
E: !!opencv-matrix
   rows: 3
   cols: 3
   dt: d
   data: [ -3.8115073128735702e-02, 6.3921412955705570e+00,
       -3.7720086889933002e-02, -5.9369785111625415e+00,
       6.9303689352782161e-01, 7.0556706946424654e+01,
       3.9421505801272783e-01, -7.0515461010049009e+01,
       7.2836572960565282e-01 ]
F: !!opencv-matrix
   rows: 3
   cols: 3
   dt: d
   data: [ -1.8067460377722233e-08, 3.0319549383178082e-06,
       -1.1132928928630887e-03, -2.8161110810315671e-06,
       3.2893999514582595e-07, 4.3331102331120745e-02,
       1.2241231424381580e-03, -4.3338882245912681e-02, 1. ]
R1: !!opencv-matrix
   rows: 3
   cols: 3
   dt: d
   data: [ 9.9646315806790842e-01, 6.4361224605090431e-03,
       8.3783953959000540e-02, -6.0139727306908908e-03,
       9.9996792371386201e-01, -5.2899598658438319e-03,
       -8.3815313310427297e-02, 4.7673756995923206e-03,
       9.9646990189549323e-01 ]
R2: !!opencv-matrix
   rows: 3
   cols: 3
   dt: d
   data: [ 9.9591682062720877e-01, -3.9949356297648808e-04,
       9.0274729557529437e-02, -5.5339585339091934e-05,
       9.9998731893509618e-01, 5.0357627553871669e-03,
       -9.0275596532630162e-02, -5.0201965988784358e-03,
       9.9590416923355962e-01 ]
P1: !!opencv-matrix
   rows: 3
   cols: 4
   dt: d
   data: [ 1.0316326386407011e+03, 0., 4.9543592834472656e+02, 0., 0.,
       1.0316326386407011e+03, 3.5472479248046875e+02, 0., 0., 0., 1.,
       0. ]
P2: !!opencv-matrix
   rows: 3
   cols: 4
   dt: d
   data: [ 1.0316326386407011e+03, 0., 4.9543592834472656e+02,
       -7.3049336101950510e+04, 0., 1.0316326386407011e+03,
       3.5472479248046875e+02, 0., 0., 0., 1., 0. ]
Q: !!opencv-matrix
   rows: 4
   cols: 4
   dt: d
   data: [ 1., 0., 0., -4.9543592834472656e+02, 0., 1., 0.,
       -3.5472479248046875e+02, 0., 0., 0., 1.0316326386407011e+03, 0.,
       0., 1.4122409506924390e-02, 0. ]
